1 0 1 10.000000 0.000000 1000.000000 1000.000000 1000.000000 1000.000000 1000.000000
1 0 2 10.000000 50.000000 1000.000000 950.000000 1000.000000 1000.000000 1000.000000
1 0 3 10.000000 107.000000 1000.000000 950.000000 943.000000 1000.000000 1000.000000
1 0 4 10.000000 207.000000 1000.000000 950.000000 943.000000 900.000000 1000.000000
1 0 5 10.000000 217.000000 1000.000000 950.000000 943.000000 900.000000 990.000000
1 0 99 10.000000 0.000000 1000.000000 1167.000000 943.000000 900.000000 990.000000
2 0 1 10.000000 0.000000 1000.000000 1167.000000 943.000000 900.000000 990.000000
2 0 2 10.000000 50.000000 1000.000000 1117.000000 943.000000 900.000000 990.000000
2 0 3 10.000000 68.000000 1000.000000 1117.000000 925.000000 900.000000 990.000000
2 0 4 10.000000 168.000000 1000.000000 1117.000000 925.000000 800.000000 990.000000
2 0 5 10.000000 178.000000 1000.000000 1117.000000 925.000000 800.000000 980.000000
2 0 99 10.000000 0.000000 1178.000000 1117.000000 925.000000 800.000000 980.000000
3 0 1 10.000000 0.000000 1178.000000 1117.000000 925.000000 800.000000 980.000000
3 0 2 10.000000 50.000000 1178.000000 1067.000000 925.000000 800.000000 980.000000
3 0 3 10.000000 80.000000 1178.000000 1067.000000 895.000000 800.000000 980.000000
3 0 4 10.000000 180.000000 1178.000000 1067.000000 895.000000 700.000000 980.000000
3 0 5 10.000000 190.000000 1178.000000 1067.000000 895.000000 700.000000 970.000000
3 0 99 10.000000 0.000000 1178.000000 1067.000000 1085.000000 700.000000 970.000000
4 0 1 10.000000 0.000000 1178.000000 1067.000000 1085.000000 700.000000 970.000000
4 0 2 10.000000 50.000000 1178.000000 1017.000000 1085.000000 700.000000 970.000000
4 0 3 10.000000 126.000000 1178.000000 1017.000000 1009.000000 700.000000 970.000000
4 0 4 10.000000 226.000000 1178.000000 1017.000000 1009.000000 600.000000 970.000000
4 0 5 10.000000 236.000000 1178.000000 1017.000000 1009.000000 600.000000 960.000000
4 0 99 10.000000 0.000000 1178.000000 1017.000000 1009.000000 600.000000 1196.000000
5 0 1 10.000000 0.000000 1178.000000 1017.000000 1009.000000 600.000000 1196.000000
5 0 2 10.000000 50.000000 1178.000000 967.000000 1009.000000 600.000000 1196.000000
5 0 3 10.000000 62.000000 1178.000000 967.000000 997.000000 600.000000 1196.000000
5 0 4 10.000000 162.000000 1178.000000 967.000000 997.000000 500.000000 1196.000000
5 0 5 10.000000 172.000000 1178.000000 967.000000 997.000000 500.000000 1186.000000
5 0 99 10.000000 0.000000 1178.000000 1139.000000 997.000000 500.000000 1186.000000
6 0 1 10.000000 0.000000 1178.000000 1139.000000 997.000000 500.000000 1186.000000
6 0 2 10.000000 50.000000 1178.000000 1089.000000 997.000000 500.000000 1186.000000
6 0 3 10.000000 71.000000 1178.000000 1089.000000 976.000000 500.000000 1186.000000
6 0 4 10.000000 171.000000 1178.000000 1089.000000 976.000000 400.000000 1186.000000
6 0 5 10.000000 181.000000 1178.000000 1089.000000 976.000000 400.000000 1176.000000
6 0 99 10.000000 0.000000 1178.000000 1270.000000 976.000000 400.000000 1176.000000
7 0 1 10.000000 0.000000 1178.000000 1270.000000 976.000000 400.000000 1176.000000
7 0 2 10.000000 50.000000 1178.000000 1220.000000 976.000000 400.000000 1176.000000
7 0 3 10.000000 84.000000 1178.000000 1220.000000 942.000000 400.000000 1176.000000
7 0 4 10.000000 184.000000 1178.000000 1220.000000 942.000000 300.000000 1176.000000
7 0 5 10.000000 194.000000 1178.000000 1220.000000 942.000000 300.000000 1166.000000
7 0 99 10.000000 0.000000 1372.000000 1220.000000 942.000000 300.000000 1166.000000
8 0 1 10.000000 0.000000 1372.000000 1220.000000 942.000000 300.000000 1166.000000
8 0 2 10.000000 50.000000 1372.000000 1170.000000 942.000000 300.000000 1166.000000
8 0 3 10.000000 96.000000 1372.000000 1170.000000 896.000000 300.000000 1166.000000
8 0 4 10.000000 196.000000 1372.000000 1170.000000 896.000000 200.000000 1166.000000
8 0 5 10.000000 206.000000 1372.000000 1170.000000 896.000000 200.000000 1156.000000
8 0 99 10.000000 0.000000 1372.000000 1170.000000 896.000000 406.000000 1156.000000
9 0 1 10.000000 0.000000 1372.000000 1170.000000 896.000000 406.000000 1156.000000
9 0 2 10.000000 50.000000 1372.000000 1120.000000 896.000000 406.000000 1156.000000
9 0 3 10.000000 95.000000 1372.000000 1120.000000 851.000000 406.000000 1156.000000
9 0 4 10.000000 195.000000 1372.000000 1120.000000 851.000000 306.000000 1156.000000
9 0 5 10.000000 205.000000 1372.000000 1120.000000 851.000000 306.000000 1146.000000
9 0 99 10.000000 0.000000 1372.000000 1120.000000 851.000000 306.000000 1351.000000
10 0 1 10.000000 0.000000 1372.000000 1120.000000 851.000000 306.000000 1351.000000
10 0 2 10.000000 50.000000 1372.000000 1070.000000 851.000000 306.000000 1351.000000
10 0 3 10.000000 93.000000 1372.000000 1070.000000 808.000000 306.000000 1351.000000
10 0 4 10.000000 193.000000 1372.000000 1070.000000 808.000000 206.000000 1351.000000
10 0 5 10.000000 203.000000 1372.000000 1070.000000 808.000000 206.000000 1341.000000
10 0 99 10.000000 0.000000 1372.000000 1070.000000 808.000000 409.000000 1341.000000
