1 0 1 10.000000 59.000000 941.000000 1000.000000 1000.000000 1000.000000 1000.000000
1 0 2 10.000000 109.000000 941.000000 950.000000 1000.000000 1000.000000 1000.000000
1 0 3 10.000000 119.000000 941.000000 950.000000 990.000000 1000.000000 1000.000000
1 0 4 10.000000 142.800000 941.000000 950.000000 990.000000 976.200000 1000.000000
1 0 5 10.000000 242.800000 941.000000 950.000000 990.000000 976.200000 900.000000
1 0 99 10.000000 0.000000 1183.800000 950.000000 990.000000 976.200000 900.000000
2 0 1 10.000000 77.000000 1106.800000 950.000000 990.000000 976.200000 900.000000
2 0 2 10.000000 127.000000 1106.800000 900.000000 990.000000 976.200000 900.000000
2 0 3 10.000000 137.000000 1106.800000 900.000000 980.000000 976.200000 900.000000
2 0 4 10.000000 164.400000 1106.800000 900.000000 980.000000 948.800000 900.000000
2 0 5 10.000000 264.400000 1106.800000 900.000000 980.000000 948.800000 800.000000
2 0 99 10.000000 0.000000 1106.800000 1164.400000 980.000000 948.800000 800.000000
3 0 1 10.000000 24.000000 1082.800000 1164.400000 980.000000 948.800000 800.000000
3 0 2 10.000000 74.000000 1082.800000 1114.400000 980.000000 948.800000 800.000000
3 0 3 10.000000 84.000000 1082.800000 1114.400000 970.000000 948.800000 800.000000
3 0 4 10.000000 100.800000 1082.800000 1114.400000 970.000000 932.000000 800.000000
3 0 5 10.000000 200.800000 1082.800000 1114.400000 970.000000 932.000000 700.000000
3 0 99 10.000000 0.000000 1082.800000 1315.200000 970.000000 932.000000 700.000000
4 0 1 10.000000 51.000000 1031.800000 1315.200000 970.000000 932.000000 700.000000
4 0 2 10.000000 101.000000 1031.800000 1265.200000 970.000000 932.000000 700.000000
4 0 3 10.000000 111.000000 1031.800000 1265.200000 960.000000 932.000000 700.000000
4 0 4 10.000000 133.200000 1031.800000 1265.200000 960.000000 909.800000 700.000000
4 0 5 10.000000 233.200000 1031.800000 1265.200000 960.000000 909.800000 600.000000
4 0 99 10.000000 0.000000 1031.800000 1265.200000 1193.200000 909.800000 600.000000
5 0 1 10.000000 49.000000 982.800000 1265.200000 1193.200000 909.800000 600.000000
5 0 2 10.000000 99.000000 982.800000 1215.200000 1193.200000 909.800000 600.000000
5 0 3 10.000000 109.000000 982.800000 1215.200000 1183.200000 909.800000 600.000000
5 0 4 10.000000 130.800000 982.800000 1215.200000 1183.200000 888.000000 600.000000
5 0 5 10.000000 230.800000 982.800000 1215.200000 1183.200000 888.000000 500.000000
5 0 99 10.000000 0.000000 982.800000 1215.200000 1183.200000 1118.800000 500.000000
6 0 1 10.000000 58.000000 924.800000 1215.200000 1183.200000 1118.800000 500.000000
6 0 2 10.000000 108.000000 924.800000 1165.200000 1183.200000 1118.800000 500.000000
6 0 3 10.000000 118.000000 924.800000 1165.200000 1173.200000 1118.800000 500.000000
6 0 4 10.000000 141.600000 924.800000 1165.200000 1173.200000 1095.200000 500.000000
6 0 5 10.000000 241.600000 924.800000 1165.200000 1173.200000 1095.200000 400.000000
6 0 99 10.000000 0.000000 1166.400000 1165.200000 1173.200000 1095.200000 400.000000
7 0 1 10.000000 20.000000 1146.400000 1165.200000 1173.200000 1095.200000 400.000000
7 0 2 10.000000 70.000000 1146.400000 1115.200000 1173.200000 1095.200000 400.000000
7 0 3 10.000000 80.000000 1146.400000 1115.200000 1163.200000 1095.200000 400.000000
7 0 4 10.000000 96.000000 1146.400000 1115.200000 1163.200000 1079.200000 400.000000
7 0 5 10.000000 196.000000 1146.400000 1115.200000 1163.200000 1079.200000 300.000000
7 0 99 10.000000 0.000000 1146.400000 1115.200000 1163.200000 1275.200000 300.000000
8 0 1 10.000000 49.000000 1097.400000 1115.200000 1163.200000 1275.200000 300.000000
8 0 2 10.000000 99.000000 1097.400000 1065.200000 1163.200000 1275.200000 300.000000
8 0 3 10.000000 109.000000 1097.400000 1065.200000 1153.200000 1275.200000 300.000000
8 0 4 10.000000 130.800000 1097.400000 1065.200000 1153.200000 1253.400000 300.000000
8 0 5 10.000000 230.800000 1097.400000 1065.200000 1153.200000 1253.400000 200.000000
8 0 99 10.000000 0.000000 1097.400000 1065.200000 1384.000000 1253.400000 200.000000
9 0 1 10.000000 60.000000 1037.400000 1065.200000 1384.000000 1253.400000 200.000000
9 0 2 10.000000 110.000000 1037.400000 1015.200000 1384.000000 1253.400000 200.000000
9 0 3 10.000000 120.000000 1037.400000 1015.200000 1374.000000 1253.400000 200.000000
9 0 4 10.000000 144.000000 1037.400000 1015.200000 1374.000000 1229.400000 200.000000
9 0 5 10.000000 244.000000 1037.400000 1015.200000 1374.000000 1229.400000 100.000000
9 0 99 10.000000 0.000000 1037.400000 1259.200000 1374.000000 1229.400000 100.000000
10 0 1 10.000000 14.000000 1023.400000 1259.200000 1374.000000 1229.400000 100.000000
10 0 2 10.000000 64.000000 1023.400000 1209.200000 1374.000000 1229.400000 100.000000
10 0 3 10.000000 74.000000 1023.400000 1209.200000 1364.000000 1229.400000 100.000000
10 0 4 10.000000 88.800000 1023.400000 1209.200000 1364.000000 1214.600000 100.000000
10 0 5 10.000000 188.800000 1023.400000 1209.200000 1364.000000 1214.600000 0.000000
10 0 99 10.000000 0.000000 1023.400000 1209.200000 1364.000000 1403.400000 0.000000
