1 0 1 10.000000 0.000000 1000.000000 1000.000000 1000.000000 1000.000000 1000.000000
1 0 2 10.000000 100.000000 1000.000000 900.000000 1000.000000 1000.000000 1000.000000
1 0 3 10.000000 150.000000 1000.000000 900.000000 950.000000 1000.000000 1000.000000
1 0 4 10.000000 213.000000 1000.000000 900.000000 950.000000 937.000000 1000.000000
1 0 5 10.000000 223.000000 1000.000000 900.000000 950.000000 937.000000 990.000000
1 0 99 10.000000 0.000000 1000.000000 900.000000 950.000000 937.000000 1213.000000
2 0 1 10.000000 0.000000 1000.000000 900.000000 950.000000 937.000000 1213.000000
2 0 2 10.000000 100.000000 1000.000000 800.000000 950.000000 937.000000 1213.000000
2 0 3 10.000000 150.000000 1000.000000 800.000000 900.000000 937.000000 1213.000000
2 0 4 10.000000 212.000000 1000.000000 800.000000 900.000000 875.000000 1213.000000
2 0 5 10.000000 222.000000 1000.000000 800.000000 900.000000 875.000000 1203.000000
2 0 99 10.000000 0.000000 1000.000000 1022.000000 900.000000 875.000000 1203.000000
3 0 1 10.000000 0.000000 1000.000000 1022.000000 900.000000 875.000000 1203.000000
3 0 2 10.000000 100.000000 1000.000000 922.000000 900.000000 875.000000 1203.000000
3 0 3 10.000000 150.000000 1000.000000 922.000000 850.000000 875.000000 1203.000000
3 0 4 10.000000 192.000000 1000.000000 922.000000 850.000000 833.000000 1203.000000
3 0 5 10.000000 202.000000 1000.000000 922.000000 850.000000 833.000000 1193.000000
3 0 99 10.000000 0.000000 1000.000000 1124.000000 850.000000 833.000000 1193.000000
4 0 1 10.000000 0.000000 1000.000000 1124.000000 850.000000 833.000000 1193.000000
4 0 2 10.000000 100.000000 1000.000000 1024.000000 850.000000 833.000000 1193.000000
4 0 3 10.000000 150.000000 1000.000000 1024.000000 800.000000 833.000000 1193.000000
4 0 4 10.000000 199.000000 1000.000000 1024.000000 800.000000 784.000000 1193.000000
4 0 5 10.000000 209.000000 1000.000000 1024.000000 800.000000 784.000000 1183.000000
4 0 99 10.000000 0.000000 1000.000000 1024.000000 1009.000000 784.000000 1183.000000
5 0 1 10.000000 0.000000 1000.000000 1024.000000 1009.000000 784.000000 1183.000000
5 0 2 10.000000 100.000000 1000.000000 924.000000 1009.000000 784.000000 1183.000000
5 0 3 10.000000 150.000000 1000.000000 924.000000 959.000000 784.000000 1183.000000
5 0 4 10.000000 194.000000 1000.000000 924.000000 959.000000 740.000000 1183.000000
5 0 5 10.000000 204.000000 1000.000000 924.000000 959.000000 740.000000 1173.000000
5 0 99 10.000000 0.000000 1000.000000 1128.000000 959.000000 740.000000 1173.000000
6 0 1 10.000000 0.000000 1000.000000 1128.000000 959.000000 740.000000 1173.000000
6 0 2 10.000000 100.000000 1000.000000 1028.000000 959.000000 740.000000 1173.000000
6 0 3 10.000000 150.000000 1000.000000 1028.000000 909.000000 740.000000 1173.000000
6 0 4 10.000000 175.000000 1000.000000 1028.000000 909.000000 715.000000 1173.000000
6 0 5 10.000000 185.000000 1000.000000 1028.000000 909.000000 715.000000 1163.000000
6 0 99 10.000000 0.000000 1185.000000 1028.000000 909.000000 715.000000 1163.000000
7 0 1 10.000000 0.000000 1185.000000 1028.000000 909.000000 715.000000 1163.000000
7 0 2 10.000000 100.000000 1185.000000 928.000000 909.000000 715.000000 1163.000000
7 0 3 10.000000 150.000000 1185.000000 928.000000 859.000000 715.000000 1163.000000
7 0 4 10.000000 226.000000 1185.000000 928.000000 859.000000 639.000000 1163.000000
7 0 5 10.000000 236.000000 1185.000000 928.000000 859.000000 639.000000 1153.000000
7 0 99 10.000000 0.000000 1185.000000 928.000000 1095.000000 639.000000 1153.000000
8 0 1 10.000000 0.000000 1185.000000 928.000000 1095.000000 639.000000 1153.000000
8 0 2 10.000000 100.000000 1185.000000 828.000000 1095.000000 639.000000 1153.000000
8 0 3 10.000000 150.000000 1185.000000 828.000000 1045.000000 639.000000 1153.000000
8 0 4 10.000000 207.000000 1185.000000 828.000000 1045.000000 582.000000 1153.000000
8 0 5 10.000000 217.000000 1185.000000 828.000000 1045.000000 582.000000 1143.000000
8 0 99 10.000000 0.000000 1185.000000 828.000000 1262.000000 582.000000 1143.000000
9 0 1 10.000000 0.000000 1185.000000 828.000000 1262.000000 582.000000 1143.000000
9 0 2 10.000000 100.000000 1185.000000 728.000000 1262.000000 582.000000 1143.000000
9 0 3 10.000000 150.000000 1185.000000 728.000000 1212.000000 582.000000 1143.000000
9 0 4 10.000000 193.000000 1185.000000 728.000000 1212.000000 539.000000 1143.000000
9 0 5 10.000000 203.000000 1185.000000 728.000000 1212.000000 539.000000 1133.000000
9 0 99 10.000000 0.000000 1185.000000 728.000000 1415.000000 539.000000 1133.000000
10 0 1 10.000000 0.000000 1185.000000 728.000000 1415.000000 539.000000 1133.000000
10 0 2 10.000000 100.000000 1185.000000 628.000000 1415.000000 539.000000 1133.000000
10 0 3 10.000000 150.000000 1185.000000 628.000000 1365.000000 539.000000 1133.000000
10 0 4 10.000000 175.000000 1185.000000 628.000000 1365.000000 514.000000 1133.000000
10 0 5 10.000000 185.000000 1185.000000 628.000000 1365.000000 514.000000 1123.000000
10 0 99 10.000000 0.000000 1185.000000 813.000000 1365.000000 514.000000 1123.000000
