1 0 1 10.000000 0.000000 1000.000000 1000.000000 1000.000000 1000.000000 1000.000000 1000.000000 1000.000000 1000.000000 1000.000000 1000.000000
1 0 2 10.000000 100.000000 1000.000000 900.000000 1000.000000 1000.000000 1000.000000 1000.000000 1000.000000 1000.000000 1000.000000 1000.000000
1 0 3 10.000000 142.000000 1000.000000 900.000000 958.000000 1000.000000 1000.000000 1000.000000 1000.000000 1000.000000 1000.000000 1000.000000
1 0 4 10.000000 198.000000 1000.000000 900.000000 958.000000 944.000000 1000.000000 1000.000000 1000.000000 1000.000000 1000.000000 1000.000000
1 0 5 10.000000 298.000000 1000.000000 900.000000 958.000000 944.000000 900.000000 1000.000000 1000.000000 1000.000000 1000.000000 1000.000000
1 0 6 10.000000 357.600000 1000.000000 900.000000 958.000000 944.000000 900.000000 940.400000 1000.000000 1000.000000 1000.000000 1000.000000
1 0 7 10.000000 401.600000 1000.000000 900.000000 958.000000 944.000000 900.000000 940.400000 956.000000 1000.000000 1000.000000 1000.000000
1 0 8 10.000000 451.600000 1000.000000 900.000000 958.000000 944.000000 900.000000 940.400000 956.000000 950.000000 1000.000000 1000.000000
1 0 9 10.000000 488.600000 1000.000000 900.000000 958.000000 944.000000 900.000000 940.400000 956.000000 950.000000 963.000000 1000.000000
1 0 10 10.000000 588.600000 1000.000000 900.000000 958.000000 944.000000 900.000000 940.400000 956.000000 950.000000 963.000000 900.000000
1 0 99 10.000000 0.000000 1000.000000 1488.600000 958.000000 944.000000 900.000000 940.400000 956.000000 950.000000 963.000000 900.000000
2 0 1 10.000000 0.000000 1000.000000 1488.600000 958.000000 944.000000 900.000000 940.400000 956.000000 950.000000 963.000000 900.000000
2 0 2 10.000000 100.000000 1000.000000 1388.600000 958.000000 944.000000 900.000000 940.400000 956.000000 950.000000 963.000000 900.000000
2 0 3 10.000000 123.000000 1000.000000 1388.600000 935.000000 944.000000 900.000000 940.400000 956.000000 950.000000 963.000000 900.000000
2 0 4 10.000000 146.000000 1000.000000 1388.600000 935.000000 921.000000 900.000000 940.400000 956.000000 950.000000 963.000000 900.000000
2 0 5 10.000000 246.000000 1000.000000 1388.600000 935.000000 921.000000 800.000000 940.400000 956.000000 950.000000 963.000000 900.000000
2 0 6 10.000000 295.200000 1000.000000 1388.600000 935.000000 921.000000 800.000000 891.200000 956.000000 950.000000 963.000000 900.000000
2 0 7 10.000000 330.200000 1000.000000 1388.600000 935.000000 921.000000 800.000000 891.200000 921.000000 950.000000 963.000000 900.000000
2 0 8 10.000000 380.200000 1000.000000 1388.600000 935.000000 921.000000 800.000000 891.200000 921.000000 900.000000 963.000000 900.000000
2 0 9 10.000000 398.200000 1000.000000 1388.600000 935.000000 921.000000 800.000000 891.200000 921.000000 900.000000 945.000000 900.000000
2 0 10 10.000000 498.200000 1000.000000 1388.600000 935.000000 921.000000 800.000000 891.200000 921.000000 900.000000 945.000000 800.000000
2 0 99 10.000000 0.000000 1000.000000 1886.800000 935.000000 921.000000 800.000000 891.200000 921.000000 900.000000 945.000000 800.000000
3 0 1 10.000000 0.000000 1000.000000 1886.800000 935.000000 921.000000 800.000000 891.200000 921.000000 900.000000 945.000000 800.000000
3 0 2 10.000000 100.000000 1000.000000 1786.800000 935.000000 921.000000 800.000000 891.200000 921.000000 900.000000 945.000000 800.000000
3 0 3 10.000000 175.000000 1000.000000 1786.800000 860.000000 921.000000 800.000000 891.200000 921.000000 900.000000 945.000000 800.000000
3 0 4 10.000000 207.000000 1000.000000 1786.800000 860.000000 889.000000 800.000000 891.200000 921.000000 900.000000 945.000000 800.000000
3 0 5 10.000000 307.000000 1000.000000 1786.800000 860.000000 889.000000 700.000000 891.200000 921.000000 900.000000 945.000000 800.000000
3 0 6 10.000000 368.400000 1000.000000 1786.800000 860.000000 889.000000 700.000000 829.800000 921.000000 900.000000 945.000000 800.000000
3 0 7 10.000000 443.400000 1000.000000 1786.800000 860.000000 889.000000 700.000000 829.800000 846.000000 900.000000 945.000000 800.000000
3 0 8 10.000000 493.400000 1000.000000 1786.800000 860.000000 889.000000 700.000000 829.800000 846.000000 850.000000 945.000000 800.000000
3 0 9 10.000000 506.400000 1000.000000 1786.800000 860.000000 889.000000 700.000000 829.800000 846.000000 850.000000 932.000000 800.000000
3 0 10 10.000000 606.400000 1000.000000 1786.800000 860.000000 889.000000 700.000000 829.800000 846.000000 850.000000 932.000000 700.000000
3 0 99 10.000000 0.000000 1606.400000 1786.800000 860.000000 889.000000 700.000000 829.800000 846.000000 850.000000 932.000000 700.000000
4 0 1 10.000000 0.000000 1606.400000 1786.800000 860.000000 889.000000 700.000000 829.800000 846.000000 850.000000 932.000000 700.000000
4 0 2 10.000000 100.000000 1606.400000 1686.800000 860.000000 889.000000 700.000000 829.800000 846.000000 850.000000 932.000000 700.000000
4 0 3 10.000000 176.000000 1606.400000 1686.800000 784.000000 889.000000 700.000000 829.800000 846.000000 850.000000 932.000000 700.000000
4 0 4 10.000000 199.000000 1606.400000 1686.800000 784.000000 866.000000 700.000000 829.800000 846.000000 850.000000 932.000000 700.000000
4 0 5 10.000000 299.000000 1606.400000 1686.800000 784.000000 866.000000 600.000000 829.800000 846.000000 850.000000 932.000000 700.000000
4 0 6 10.000000 358.800000 1606.400000 1686.800000 784.000000 866.000000 600.000000 770.000000 846.000000 850.000000 932.000000 700.000000
4 0 7 10.000000 384.800000 1606.400000 1686.800000 784.000000 866.000000 600.000000 770.000000 820.000000 850.000000 932.000000 700.000000
4 0 8 10.000000 434.800000 1606.400000 1686.800000 784.000000 866.000000 600.000000 770.000000 820.000000 800.000000 932.000000 700.000000
4 0 9 10.000000 461.800000 1606.400000 1686.800000 784.000000 866.000000 600.000000 770.000000 820.000000 800.000000 905.000000 700.000000
4 0 10 10.000000 561.800000 1606.400000 1686.800000 784.000000 866.000000 600.000000 770.000000 820.000000 800.000000 905.000000 600.000000
4 0 99 10.000000 0.000000 1606.400000 1686.800000 784.000000 866.000000 600.000000 770.000000 820.000000 1361.800000 905.000000 600.000000
5 0 1 10.000000 0.000000 1606.400000 1686.800000 784.000000 866.000000 600.000000 770.000000 820.000000 1361.800000 905.000000 600.000000
5 0 2 10.000000 100.000000 1606.400000 1586.800000 784.000000 866.000000 600.000000 770.000000 820.000000 1361.800000 905.000000 600.000000
5 0 3 10.000000 156.000000 1606.400000 1586.800000 728.000000 866.000000 600.000000 770.000000 820.000000 1361.800000 905.000000 600.000000
5 0 4 10.000000 213.000000 1606.400000 1586.800000 728.000000 809.000000 600.000000 770.000000 820.000000 1361.800000 905.000000 600.000000
5 0 5 10.000000 313.000000 1606.400000 1586.800000 728.000000 809.000000 500.000000 770.000000 820.000000 1361.800000 905.000000 600.000000
5 0 6 10.000000 375.600000 1606.400000 1586.800000 728.000000 809.000000 500.000000 707.400000 820.000000 1361.800000 905.000000 600.000000
5 0 7 10.000000 448.600000 1606.400000 1586.800000 728.000000 809.000000 500.000000 707.400000 747.000000 1361.800000 905.000000 600.000000
5 0 8 10.000000 498.600000 1606.400000 1586.800000 728.000000 809.000000 500.000000 707.400000 747.000000 1311.800000 905.000000 600.000000
5 0 9 10.000000 552.600000 1606.400000 1586.800000 728.000000 809.000000 500.000000 707.400000 747.000000 1311.800000 851.000000 600.000000
5 0 10 10.000000 652.600000 1606.400000 1586.800000 728.000000 809.000000 500.000000 707.400000 747.000000 1311.800000 851.000000 500.000000
5 0 99 10.000000 0.000000 1606.400000 1586.800000 728.000000 1461.600000 500.000000 707.400000 747.000000 1311.800000 851.000000 500.000000
6 0 1 10.000000 0.000000 1606.400000 1586.800000 728.000000 1461.600000 500.000000 707.400000 747.000000 1311.800000 851.000000 500.000000
6 0 2 10.000000 100.000000 1606.400000 1486.800000 728.000000 1461.600000 500.000000 707.400000 747.000000 1311.800000 851.000000 500.000000
6 0 3 10.000000 178.000000 1606.400000 1486.800000 650.000000 1461.600000 500.000000 707.400000 747.000000 1311.800000 851.000000 500.000000
6 0 4 10.000000 236.000000 1606.400000 1486.800000 650.000000 1403.600000 500.000000 707.400000 747.000000 1311.800000 851.000000 500.000000
6 0 5 10.000000 336.000000 1606.400000 1486.800000 650.000000 1403.600000 400.000000 707.400000 747.000000 1311.800000 851.000000 500.000000
6 0 6 10.000000 403.200000 1606.400000 1486.800000 650.000000 1403.600000 400.000000 640.200000 747.000000 1311.800000 851.000000 500.000000
6 0 7 10.000000 419.200000 1606.400000 1486.800000 650.000000 1403.600000 400.000000 640.200000 731.000000 1311.800000 851.000000 500.000000
6 0 8 10.000000 469.200000 1606.400000 1486.800000 650.000000 1403.600000 400.000000 640.200000 731.000000 1261.800000 851.000000 500.000000
6 0 9 10.000000 546.200000 1606.400000 1486.800000 650.000000 1403.600000 400.000000 640.200000 731.000000 1261.800000 774.000000 500.000000
6 0 10 10.000000 646.200000 1606.400000 1486.800000 650.000000 1403.600000 400.000000 640.200000 731.000000 1261.800000 774.000000 400.000000
6 0 99 10.000000 0.000000 1606.400000 1486.800000 650.000000 1403.600000 400.000000 1286.400000 731.000000 1261.800000 774.000000 400.000000
7 0 1 10.000000 0.000000 1606.400000 1486.800000 650.000000 1403.600000 400.000000 1286.400000 731.000000 1261.800000 774.000000 400.000000
7 0 2 10.000000 100.000000 1606.400000 1386.800000 650.000000 1403.600000 400.000000 1286.400000 731.000000 1261.800000 774.000000 400.000000
7 0 3 10.000000 170.000000 1606.400000 1386.800000 580.000000 1403.600000 400.000000 1286.400000 731.000000 1261.800000 774.000000 400.000000
7 0 4 10.000000 214.000000 1606.400000 1386.800000 580.000000 1359.600000 400.000000 1286.400000 731.000000 1261.800000 774.000000 400.000000
7 0 5 10.000000 314.000000 1606.400000 1386.800000 580.000000 1359.600000 300.000000 1286.400000 731.000000 1261.800000 774.000000 400.000000
7 0 6 10.000000 376.800000 1606.400000 1386.800000 580.000000 1359.600000 300.000000 1223.600000 731.000000 1261.800000 774.000000 400.000000
7 0 7 10.000000 436.800000 1606.400000 1386.800000 580.000000 1359.600000 300.000000 1223.600000 671.000000 1261.800000 774.000000 400.000000
7 0 8 10.000000 486.800000 1606.400000 1386.800000 580.000000 1359.600000 300.000000 1223.600000 671.000000 1211.800000 774.000000 400.000000
7 0 9 10.000000 539.800000 1606.400000 1386.800000 580.000000 1359.600000 300.000000 1223.600000 671.000000 1211.800000 721.000000 400.000000
7 0 10 10.000000 639.800000 1606.400000 1386.800000 580.000000 1359.600000 300.000000 1223.600000 671.000000 1211.800000 721.000000 300.000000
7 0 99 10.000000 0.000000 2246.200000 1386.800000 580.000000 1359.600000 300.000000 1223.600000 671.000000 1211.800000 721.000000 300.000000
8 0 1 10.000000 0.000000 2246.200000 1386.800000 580.000000 1359.600000 300.000000 1223.600000 671.000000 1211.800000 721.000000 300.000000
8 0 2 10.000000 100.000000 2246.200000 1286.800000 580.000000 1359.600000 300.000000 1223.600000 671.000000 1211.800000 721.000000 300.000000
8 0 3 10.000000 127.000000 2246.200000 1286.800000 553.000000 1359.600000 300.000000 1223.600000 671.000000 1211.800000 721.000000 300.000000
8 0 4 10.000000 140.000000 2246.200000 1286.800000 553.000000 1346.600000 300.000000 1223.600000 671.000000 1211.800000 721.000000 300.000000
8 0 5 10.000000 240.000000 2246.200000 1286.800000 553.000000 1346.600000 200.000000 1223.600000 671.000000 1211.800000 721.000000 300.000000
8 0 6 10.000000 288.000000 2246.200000 1286.800000 553.000000 1346.600000 200.000000 1175.600000 671.000000 1211.800000 721.000000 300.000000
8 0 7 10.000000 334.000000 2246.200000 1286.800000 553.000000 1346.600000 200.000000 1175.600000 625.000000 1211.800000 721.000000 300.000000
8 0 8 10.000000 384.000000 2246.200000 1286.800000 553.000000 1346.600000 200.000000 1175.600000 625.000000 1161.800000 721.000000 300.000000
8 0 9 10.000000 418.000000 2246.200000 1286.800000 553.000000 1346.600000 200.000000 1175.600000 625.000000 1161.800000 687.000000 300.000000
8 0 10 10.000000 518.000000 2246.200000 1286.800000 553.000000 1346.600000 200.000000 1175.600000 625.000000 1161.800000 687.000000 200.000000
8 0 99 10.000000 0.000000 2246.200000 1286.800000 553.000000 1346.600000 200.000000 1175.600000 625.000000 1679.800000 687.000000 200.000000
9 0 1 10.000000 0.000000 2246.200000 1286.800000 553.000000 1346.600000 200.000000 1175.600000 625.000000 1679.800000 687.000000 200.000000
9 0 2 10.000000 100.000000 2246.200000 1186.800000 553.000000 1346.600000 200.000000 1175.600000 625.000000 1679.800000 687.000000 200.000000
9 0 3 10.000000 135.000000 2246.200000 1186.800000 518.000000 1346.600000 200.000000 1175.600000 625.000000 1679.800000 687.000000 200.000000
9 0 4 10.000000 191.000000 2246.200000 1186.800000 518.000000 1290.600000 200.000000 1175.600000 625.000000 1679.800000 687.000000 200.000000
9 0 5 10.000000 291.000000 2246.200000 1186.800000 518.000000 1290.600000 100.000000 1175.600000 625.000000 1679.800000 687.000000 200.000000
9 0 6 10.000000 349.200000 2246.200000 1186.800000 518.000000 1290.600000 100.000000 1117.400000 625.000000 1679.800000 687.000000 200.000000
9 0 7 10.000000 370.200000 2246.200000 1186.800000 518.000000 1290.600000 100.000000 1117.400000 604.000000 1679.800000 687.000000 200.000000
9 0 8 10.000000 420.200000 2246.200000 1186.800000 518.000000 1290.600000 100.000000 1117.400000 604.000000 1629.800000 687.000000 200.000000
9 0 9 10.000000 499.200000 2246.200000 1186.800000 518.000000 1290.600000 100.000000 1117.400000 604.000000 1629.800000 608.000000 200.000000
9 0 10 10.000000 599.200000 2246.200000 1186.800000 518.000000 1290.600000 100.000000 1117.400000 604.000000 1629.800000 608.000000 100.000000
9 0 99 10.000000 0.000000 2246.200000 1786.000000 518.000000 1290.600000 100.000000 1117.400000 604.000000 1629.800000 608.000000 100.000000
10 0 1 10.000000 0.000000 2246.200000 1786.000000 518.000000 1290.600000 100.000000 1117.400000 604.000000 1629.800000 608.000000 100.000000
10 0 2 10.000000 100.000000 2246.200000 1686.000000 518.000000 1290.600000 100.000000 1117.400000 604.000000 1629.800000 608.000000 100.000000
10 0 3 10.000000 122.000000 2246.200000 1686.000000 496.000000 1290.600000 100.000000 1117.400000 604.000000 1629.800000 608.000000 100.000000
10 0 4 10.000000 176.000000 2246.200000 1686.000000 496.000000 1236.600000 100.000000 1117.400000 604.000000 1629.800000 608.000000 100.000000
10 0 5 10.000000 276.000000 2246.200000 1686.000000 496.000000 1236.600000 0.000000 1117.400000 604.000000 1629.800000 608.000000 100.000000
10 0 6 10.000000 331.200000 2246.200000 1686.000000 496.000000 1236.600000 0.000000 1062.200000 604.000000 1629.800000 608.000000 100.000000
10 0 7 10.000000 343.200000 2246.200000 1686.000000 496.000000 1236.600000 0.000000 1062.200000 592.000000 1629.800000 608.000000 100.000000
10 0 8 10.000000 393.200000 2246.200000 1686.000000 496.000000 1236.600000 0.000000 1062.200000 592.000000 1579.800000 608.000000 100.000000
10 0 9 10.000000 440.200000 2246.200000 1686.000000 496.000000 1236.600000 0.000000 1062.200000 592.000000 1579.800000 561.000000 100.000000
10 0 10 10.000000 540.200000 2246.200000 1686.000000 496.000000 1236.600000 0.000000 1062.200000 592.000000 1579.800000 561.000000 0.000000
10 0 99 10.000000 0.000000 2246.200000 1686.000000 496.000000 1776.800000 0.000000 1062.200000 592.000000 1579.800000 561.000000 0.000000
