1 0 1 10.000000 70.000000 930.000000 1000.000000 1000.000000 1000.000000 1000.000000 1000.000000 1000.000000 1000.000000 1000.000000 1000.000000
1 0 2 10.000000 87.000000 930.000000 983.000000 1000.000000 1000.000000 1000.000000 1000.000000 1000.000000 1000.000000 1000.000000 1000.000000
1 0 3 10.000000 97.000000 930.000000 983.000000 990.000000 1000.000000 1000.000000 1000.000000 1000.000000 1000.000000 1000.000000 1000.000000
1 0 4 10.000000 197.000000 930.000000 983.000000 990.000000 900.000000 1000.000000 1000.000000 1000.000000 1000.000000 1000.000000 1000.000000
1 0 5 10.000000 245.000000 930.000000 983.000000 990.000000 900.000000 952.000000 1000.000000 1000.000000 1000.000000 1000.000000 1000.000000
1 0 6 10.000000 295.000000 930.000000 983.000000 990.000000 900.000000 952.000000 950.000000 1000.000000 1000.000000 1000.000000 1000.000000
1 0 7 10.000000 354.000000 930.000000 983.000000 990.000000 900.000000 952.000000 950.000000 941.000000 1000.000000 1000.000000 1000.000000
1 0 8 10.000000 424.800000 930.000000 983.000000 990.000000 900.000000 952.000000 950.000000 941.000000 929.200000 1000.000000 1000.000000
1 0 9 10.000000 434.800000 930.000000 983.000000 990.000000 900.000000 952.000000 950.000000 941.000000 929.200000 990.000000 1000.000000
1 0 10 10.000000 521.760000 930.000000 983.000000 990.000000 900.000000 952.000000 950.000000 941.000000 929.200000 990.000000 913.040000
1 0 99 10.000000 0.000000 930.000000 983.000000 990.000000 900.000000 1473.760000 950.000000 941.000000 929.200000 990.000000 913.040000
2 0 1 10.000000 32.000000 898.000000 983.000000 990.000000 900.000000 1473.760000 950.000000 941.000000 929.200000 990.000000 913.040000
2 0 2 10.000000 98.000000 898.000000 917.000000 990.000000 900.000000 1473.760000 950.000000 941.000000 929.200000 990.000000 913.040000
2 0 3 10.000000 108.000000 898.000000 917.000000 980.000000 900.000000 1473.760000 950.000000 941.000000 929.200000 990.000000 913.040000
2 0 4 10.000000 208.000000 898.000000 917.000000 980.000000 800.000000 1473.760000 950.000000 941.000000 929.200000 990.000000 913.040000
2 0 5 10.000000 280.000000 898.000000 917.000000 980.000000 800.000000 1401.760000 950.000000 941.000000 929.200000 990.000000 913.040000
2 0 6 10.000000 330.000000 898.000000 917.000000 980.000000 800.000000 1401.760000 900.000000 941.000000 929.200000 990.000000 913.040000
2 0 7 10.000000 396.000000 898.000000 917.000000 980.000000 800.000000 1401.760000 900.000000 875.000000 929.200000 990.000000 913.040000
2 0 8 10.000000 475.200000 898.000000 917.000000 980.000000 800.000000 1401.760000 900.000000 875.000000 850.000000 990.000000 913.040000
2 0 9 10.000000 485.200000 898.000000 917.000000 980.000000 800.000000 1401.760000 900.000000 875.000000 850.000000 980.000000 913.040000
2 0 10 10.000000 582.240000 898.000000 917.000000 980.000000 800.000000 1401.760000 900.000000 875.000000 850.000000 980.000000 816.000000
2 0 99 10.000000 0.000000 898.000000 1499.240000 980.000000 800.000000 1401.760000 900.000000 875.000000 850.000000 980.000000 816.000000
3 0 1 10.000000 35.000000 863.000000 1499.240000 980.000000 800.000000 1401.760000 900.000000 875.000000 850.000000 980.000000 816.000000
3 0 2 10.000000 75.000000 863.000000 1459.240000 980.000000 800.000000 1401.760000 900.000000 875.000000 850.000000 980.000000 816.000000
3 0 3 10.000000 85.000000 863.000000 1459.240000 970.000000 800.000000 1401.760000 900.000000 875.000000 850.000000 980.000000 816.000000
3 0 4 10.000000 185.000000 863.000000 1459.240000 970.000000 700.000000 1401.760000 900.000000 875.000000 850.000000 980.000000 816.000000
3 0 5 10.000000 225.000000 863.000000 1459.240000 970.000000 700.000000 1361.760000 900.000000 875.000000 850.000000 980.000000 816.000000
3 0 6 10.000000 275.000000 863.000000 1459.240000 970.000000 700.000000 1361.760000 850.000000 875.000000 850.000000 980.000000 816.000000
3 0 7 10.000000 330.000000 863.000000 1459.240000 970.000000 700.000000 1361.760000 850.000000 820.000000 850.000000 980.000000 816.000000
3 0 8 10.000000 396.000000 863.000000 1459.240000 970.000000 700.000000 1361.760000 850.000000 820.000000 784.000000 980.000000 816.000000
3 0 9 10.000000 406.000000 863.000000 1459.240000 970.000000 700.000000 1361.760000 850.000000 820.000000 784.000000 970.000000 816.000000
3 0 10 10.000000 487.200000 863.000000 1459.240000 970.000000 700.000000 1361.760000 850.000000 820.000000 784.000000 970.000000 734.800000
3 0 99 10.000000 0.000000 863.000000 1459.240000 1457.200000 700.000000 1361.760000 850.000000 820.000000 784.000000 970.000000 734.800000
4 0 1 10.000000 37.000000 826.000000 1459.240000 1457.200000 700.000000 1361.760000 850.000000 820.000000 784.000000 970.000000 734.800000
4 0 2 10.000000 106.000000 826.000000 1390.240000 1457.200000 700.000000 1361.760000 850.000000 820.000000 784.000000 970.000000 734.800000
4 0 3 10.000000 116.000000 826.000000 1390.240000 1447.200000 700.000000 1361.760000 850.000000 820.000000 784.000000 970.000000 734.800000
4 0 4 10.000000 216.000000 826.000000 1390.240000 1447.200000 600.000000 1361.760000 850.000000 820.000000 784.000000 970.000000 734.800000
4 0 5 10.000000 282.000000 826.000000 1390.240000 1447.200000 600.000000 1295.760000 850.000000 820.000000 784.000000 970.000000 734.800000
4 0 6 10.000000 332.000000 826.000000 1390.240000 1447.200000 600.000000 1295.760000 800.000000 820.000000 784.000000 970.000000 734.800000
4 0 7 10.000000 398.400000 826.000000 1390.240000 1447.200000 600.000000 1295.760000 800.000000 753.600000 784.000000 970.000000 734.800000
4 0 8 10.000000 478.080000 826.000000 1390.240000 1447.200000 600.000000 1295.760000 800.000000 753.600000 704.320000 970.000000 734.800000
4 0 9 10.000000 488.080000 826.000000 1390.240000 1447.200000 600.000000 1295.760000 800.000000 753.600000 704.320000 960.000000 734.800000
4 0 10 10.000000 585.696000 826.000000 1390.240000 1447.200000 600.000000 1295.760000 800.000000 753.600000 704.320000 960.000000 637.184000
4 0 99 10.000000 0.000000 1411.696000 1390.240000 1447.200000 600.000000 1295.760000 800.000000 753.600000 704.320000 960.000000 637.184000
5 0 1 10.000000 41.000000 1370.696000 1390.240000 1447.200000 600.000000 1295.760000 800.000000 753.600000 704.320000 960.000000 637.184000
5 0 2 10.000000 52.000000 1370.696000 1379.240000 1447.200000 600.000000 1295.760000 800.000000 753.600000 704.320000 960.000000 637.184000
5 0 3 10.000000 62.000000 1370.696000 1379.240000 1437.200000 600.000000 1295.760000 800.000000 753.600000 704.320000 960.000000 637.184000
5 0 4 10.000000 162.000000 1370.696000 1379.240000 1437.200000 500.000000 1295.760000 800.000000 753.600000 704.320000 960.000000 637.184000
5 0 5 10.000000 190.000000 1370.696000 1379.240000 1437.200000 500.000000 1267.760000 800.000000 753.600000 704.320000 960.000000 637.184000
5 0 6 10.000000 240.000000 1370.696000 1379.240000 1437.200000 500.000000 1267.760000 750.000000 753.600000 704.320000 960.000000 637.184000
5 0 7 10.000000 288.000000 1370.696000 1379.240000 1437.200000 500.000000 1267.760000 750.000000 705.600000 704.320000 960.000000 637.184000
5 0 8 10.000000 345.600000 1370.696000 1379.240000 1437.200000 500.000000 1267.760000 750.000000 705.600000 646.720000 960.000000 637.184000
5 0 9 10.000000 355.600000 1370.696000 1379.240000 1437.200000 500.000000 1267.760000 750.000000 705.600000 646.720000 950.000000 637.184000
5 0 10 10.000000 426.720000 1370.696000 1379.240000 1437.200000 500.000000 1267.760000 750.000000 705.600000 646.720000 950.000000 566.064000
5 0 99 10.000000 0.000000 1370.696000 1379.240000 1863.920000 500.000000 1267.760000 750.000000 705.600000 646.720000 950.000000 566.064000
6 0 1 10.000000 18.000000 1352.696000 1379.240000 1863.920000 500.000000 1267.760000 750.000000 705.600000 646.720000 950.000000 566.064000
6 0 2 10.000000 30.000000 1352.696000 1367.240000 1863.920000 500.000000 1267.760000 750.000000 705.600000 646.720000 950.000000 566.064000
6 0 3 10.000000 40.000000 1352.696000 1367.240000 1853.920000 500.000000 1267.760000 750.000000 705.600000 646.720000 950.000000 566.064000
6 0 4 10.000000 140.000000 1352.696000 1367.240000 1853.920000 400.000000 1267.760000 750.000000 705.600000 646.720000 950.000000 566.064000
6 0 5 10.000000 209.000000 1352.696000 1367.240000 1853.920000 400.000000 1198.760000 750.000000 705.600000 646.720000 950.000000 566.064000
6 0 6 10.000000 259.000000 1352.696000 1367.240000 1853.920000 400.000000 1198.760000 700.000000 705.600000 646.720000 950.000000 566.064000
6 0 7 10.000000 310.800000 1352.696000 1367.240000 1853.920000 400.000000 1198.760000 700.000000 653.800000 646.720000 950.000000 566.064000
6 0 8 10.000000 372.960000 1352.696000 1367.240000 1853.920000 400.000000 1198.760000 700.000000 653.800000 584.560000 950.000000 566.064000
6 0 9 10.000000 382.960000 1352.696000 1367.240000 1853.920000 400.000000 1198.760000 700.000000 653.800000 584.560000 940.000000 566.064000
6 0 10 10.000000 459.552000 1352.696000 1367.240000 1853.920000 400.000000 1198.760000 700.000000 653.800000 584.560000 940.000000 489.472000
6 0 99 10.000000 0.000000 1352.696000 1367.240000 1853.920000 400.000000 1198.760000 700.000000 653.800000 584.560000 940.000000 949.024000
7 0 1 10.000000 60.000000 1292.696000 1367.240000 1853.920000 400.000000 1198.760000 700.000000 653.800000 584.560000 940.000000 949.024000
7 0 2 10.000000 110.000000 1292.696000 1317.240000 1853.920000 400.000000 1198.760000 700.000000 653.800000 584.560000 940.000000 949.024000
7 0 3 10.000000 120.000000 1292.696000 1317.240000 1843.920000 400.000000 1198.760000 700.000000 653.800000 584.560000 940.000000 949.024000
7 0 4 10.000000 220.000000 1292.696000 1317.240000 1843.920000 300.000000 1198.760000 700.000000 653.800000 584.560000 940.000000 949.024000
7 0 5 10.000000 291.000000 1292.696000 1317.240000 1843.920000 300.000000 1127.760000 700.000000 653.800000 584.560000 940.000000 949.024000
7 0 6 10.000000 341.000000 1292.696000 1317.240000 1843.920000 300.000000 1127.760000 650.000000 653.800000 584.560000 940.000000 949.024000
7 0 7 10.000000 409.200000 1292.696000 1317.240000 1843.920000 300.000000 1127.760000 650.000000 585.600000 584.560000 940.000000 949.024000
7 0 8 10.000000 491.040000 1292.696000 1317.240000 1843.920000 300.000000 1127.760000 650.000000 585.600000 502.720000 940.000000 949.024000
7 0 9 10.000000 501.040000 1292.696000 1317.240000 1843.920000 300.000000 1127.760000 650.000000 585.600000 502.720000 930.000000 949.024000
7 0 10 10.000000 601.248000 1292.696000 1317.240000 1843.920000 300.000000 1127.760000 650.000000 585.600000 502.720000 930.000000 848.816000
7 0 99 10.000000 0.000000 1292.696000 1317.240000 1843.920000 300.000000 1127.760000 650.000000 585.600000 502.720000 1531.248000 848.816000
8 0 1 10.000000 60.000000 1232.696000 1317.240000 1843.920000 300.000000 1127.760000 650.000000 585.600000 502.720000 1531.248000 848.816000
8 0 2 10.000000 106.000000 1232.696000 1271.240000 1843.920000 300.000000 1127.760000 650.000000 585.600000 502.720000 1531.248000 848.816000
8 0 3 10.000000 116.000000 1232.696000 1271.240000 1833.920000 300.000000 1127.760000 650.000000 585.600000 502.720000 1531.248000 848.816000
8 0 4 10.000000 216.000000 1232.696000 1271.240000 1833.920000 200.000000 1127.760000 650.000000 585.600000 502.720000 1531.248000 848.816000
8 0 5 10.000000 266.000000 1232.696000 1271.240000 1833.920000 200.000000 1077.760000 650.000000 585.600000 502.720000 1531.248000 848.816000
8 0 6 10.000000 316.000000 1232.696000 1271.240000 1833.920000 200.000000 1077.760000 600.000000 585.600000 502.720000 1531.248000 848.816000
8 0 7 10.000000 379.200000 1232.696000 1271.240000 1833.920000 200.000000 1077.760000 600.000000 522.400000 502.720000 1531.248000 848.816000
8 0 8 10.000000 455.040000 1232.696000 1271.240000 1833.920000 200.000000 1077.760000 600.000000 522.400000 426.880000 1531.248000 848.816000
8 0 9 10.000000 465.040000 1232.696000 1271.240000 1833.920000 200.000000 1077.760000 600.000000 522.400000 426.880000 1521.248000 848.816000
8 0 10 10.000000 558.048000 1232.696000 1271.240000 1833.920000 200.000000 1077.760000 600.000000 522.400000 426.880000 1521.248000 755.808000
8 0 99 10.000000 0.000000 1790.744000 1271.240000 1833.920000 200.000000 1077.760000 600.000000 522.400000 426.880000 1521.248000 755.808000
9 0 1 10.000000 70.000000 1720.744000 1271.240000 1833.920000 200.000000 1077.760000 600.000000 522.400000 426.880000 1521.248000 755.808000
9 0 2 10.000000 107.000000 1720.744000 1234.240000 1833.920000 200.000000 1077.760000 600.000000 522.400000 426.880000 1521.248000 755.808000
9 0 3 10.000000 117.000000 1720.744000 1234.240000 1823.920000 200.000000 1077.760000 600.000000 522.400000 426.880000 1521.248000 755.808000
9 0 4 10.000000 217.000000 1720.744000 1234.240000 1823.920000 100.000000 1077.760000 600.000000 522.400000 426.880000 1521.248000 755.808000
9 0 5 10.000000 265.000000 1720.744000 1234.240000 1823.920000 100.000000 1029.760000 600.000000 522.400000 426.880000 1521.248000 755.808000
9 0 6 10.000000 315.000000 1720.744000 1234.240000 1823.920000 100.000000 1029.760000 550.000000 522.400000 426.880000 1521.248000 755.808000
9 0 7 10.000000 378.000000 1720.744000 1234.240000 1823.920000 100.000000 1029.760000 550.000000 459.400000 426.880000 1521.248000 755.808000
9 0 8 10.000000 453.600000 1720.744000 1234.240000 1823.920000 100.000000 1029.760000 550.000000 459.400000 351.280000 1521.248000 755.808000
9 0 9 10.000000 463.600000 1720.744000 1234.240000 1823.920000 100.000000 1029.760000 550.000000 459.400000 351.280000 1511.248000 755.808000
9 0 10 10.000000 556.320000 1720.744000 1234.240000 1823.920000 100.000000 1029.760000 550.000000 459.400000 351.280000 1511.248000 663.088000
9 0 99 10.000000 0.000000 1720.744000 1234.240000 1823.920000 100.000000 1586.080000 550.000000 459.400000 351.280000 1511.248000 663.088000
10 0 1 10.000000 25.000000 1695.744000 1234.240000 1823.920000 100.000000 1586.080000 550.000000 459.400000 351.280000 1511.248000 663.088000
10 0 2 10.000000 69.000000 1695.744000 1190.240000 1823.920000 100.000000 1586.080000 550.000000 459.400000 351.280000 1511.248000 663.088000
10 0 3 10.000000 79.000000 1695.744000 1190.240000 1813.920000 100.000000 1586.080000 550.000000 459.400000 351.280000 1511.248000 663.088000
10 0 4 10.000000 179.000000 1695.744000 1190.240000 1813.920000 0.000000 1586.080000 550.000000 459.400000 351.280000 1511.248000 663.088000
10 0 5 10.000000 253.000000 1695.744000 1190.240000 1813.920000 0.000000 1512.080000 550.000000 459.400000 351.280000 1511.248000 663.088000
10 0 6 10.000000 303.000000 1695.744000 1190.240000 1813.920000 0.000000 1512.080000 500.000000 459.400000 351.280000 1511.248000 663.088000
10 0 7 10.000000 363.600000 1695.744000 1190.240000 1813.920000 0.000000 1512.080000 500.000000 398.800000 351.280000 1511.248000 663.088000
10 0 8 10.000000 436.320000 1695.744000 1190.240000 1813.920000 0.000000 1512.080000 500.000000 398.800000 278.560000 1511.248000 663.088000
10 0 9 10.000000 446.320000 1695.744000 1190.240000 1813.920000 0.000000 1512.080000 500.000000 398.800000 278.560000 1501.248000 663.088000
10 0 10 10.000000 535.584000 1695.744000 1190.240000 1813.920000 0.000000 1512.080000 500.000000 398.800000 278.560000 1501.248000 573.824000
10 0 99 10.000000 0.000000 1695.744000 1190.240000 1813.920000 0.000000 1512.080000 500.000000 934.384000 278.560000 1501.248000 573.824000
