1 0 1 10.000000 10.000000 990.000000 1000.000000 1000.000000 1000.000000 1000.000000
1 0 2 10.000000 110.000000 990.000000 900.000000 1000.000000 1000.000000 1000.000000
1 0 3 10.000000 132.000000 990.000000 900.000000 978.000000 1000.000000 1000.000000
1 0 4 10.000000 182.000000 990.000000 900.000000 978.000000 950.000000 1000.000000
1 0 5 10.000000 252.000000 990.000000 900.000000 978.000000 950.000000 930.000000
1 0 99 10.000000 0.000000 1242.000000 900.000000 978.000000 950.000000 930.000000
2 0 1 10.000000 10.000000 1232.000000 900.000000 978.000000 950.000000 930.000000
2 0 2 10.000000 110.000000 1232.000000 800.000000 978.000000 950.000000 930.000000
2 0 3 10.000000 132.000000 1232.000000 800.000000 956.000000 950.000000 930.000000
2 0 4 10.000000 182.000000 1232.000000 800.000000 956.000000 900.000000 930.000000
2 0 5 10.000000 221.000000 1232.000000 800.000000 956.000000 900.000000 891.000000
2 0 99 10.000000 0.000000 1453.000000 800.000000 956.000000 900.000000 891.000000
3 0 1 10.000000 10.000000 1443.000000 800.000000 956.000000 900.000000 891.000000
3 0 2 10.000000 110.000000 1443.000000 700.000000 956.000000 900.000000 891.000000
3 0 3 10.000000 132.000000 1443.000000 700.000000 934.000000 900.000000 891.000000
3 0 4 10.000000 182.000000 1443.000000 700.000000 934.000000 850.000000 891.000000
3 0 5 10.000000 217.000000 1443.000000 700.000000 934.000000 850.000000 856.000000
3 0 99 10.000000 0.000000 1443.000000 917.000000 934.000000 850.000000 856.000000
4 0 1 10.000000 10.000000 1433.000000 917.000000 934.000000 850.000000 856.000000
4 0 2 10.000000 110.000000 1433.000000 817.000000 934.000000 850.000000 856.000000
4 0 3 10.000000 132.000000 1433.000000 817.000000 912.000000 850.000000 856.000000
4 0 4 10.000000 182.000000 1433.000000 817.000000 912.000000 800.000000 856.000000
4 0 5 10.000000 232.000000 1433.000000 817.000000 912.000000 800.000000 806.000000
4 0 99 10.000000 0.000000 1433.000000 1049.000000 912.000000 800.000000 806.000000
5 0 1 10.000000 10.000000 1423.000000 1049.000000 912.000000 800.000000 806.000000
5 0 2 10.000000 110.000000 1423.000000 949.000000 912.000000 800.000000 806.000000
5 0 3 10.000000 132.000000 1423.000000 949.000000 890.000000 800.000000 806.000000
5 0 4 10.000000 182.000000 1423.000000 949.000000 890.000000 750.000000 806.000000
5 0 5 10.000000 259.000000 1423.000000 949.000000 890.000000 750.000000 729.000000
5 0 99 10.000000 0.000000 1423.000000 949.000000 1149.000000 750.000000 729.000000
6 0 1 10.000000 10.000000 1413.000000 949.000000 1149.000000 750.000000 729.000000
6 0 2 10.000000 110.000000 1413.000000 849.000000 1149.000000 750.000000 729.000000
6 0 3 10.000000 132.000000 1413.000000 849.000000 1127.000000 750.000000 729.000000
6 0 4 10.000000 182.000000 1413.000000 849.000000 1127.000000 700.000000 729.000000
6 0 5 10.000000 250.000000 1413.000000 849.000000 1127.000000 700.000000 661.000000
6 0 99 10.000000 0.000000 1413.000000 849.000000 1377.000000 700.000000 661.000000
7 0 1 10.000000 10.000000 1403.000000 849.000000 1377.000000 700.000000 661.000000
7 0 2 10.000000 110.000000 1403.000000 749.000000 1377.000000 700.000000 661.000000
7 0 3 10.000000 132.000000 1403.000000 749.000000 1355.000000 700.000000 661.000000
7 0 4 10.000000 182.000000 1403.000000 749.000000 1355.000000 650.000000 661.000000
7 0 5 10.000000 261.000000 1403.000000 749.000000 1355.000000 650.000000 582.000000
7 0 99 10.000000 0.000000 1403.000000 749.000000 1616.000000 650.000000 582.000000
8 0 1 10.000000 10.000000 1393.000000 749.000000 1616.000000 650.000000 582.000000
8 0 2 10.000000 110.000000 1393.000000 649.000000 1616.000000 650.000000 582.000000
8 0 3 10.000000 132.000000 1393.000000 649.000000 1594.000000 650.000000 582.000000
8 0 4 10.000000 182.000000 1393.000000 649.000000 1594.000000 600.000000 582.000000
8 0 5 10.000000 198.000000 1393.000000 649.000000 1594.000000 600.000000 566.000000
8 0 99 10.000000 0.000000 1393.000000 847.000000 1594.000000 600.000000 566.000000
9 0 1 10.000000 10.000000 1383.000000 847.000000 1594.000000 600.000000 566.000000
9 0 2 10.000000 110.000000 1383.000000 747.000000 1594.000000 600.000000 566.000000
9 0 3 10.000000 132.000000 1383.000000 747.000000 1572.000000 600.000000 566.000000
9 0 4 10.000000 182.000000 1383.000000 747.000000 1572.000000 550.000000 566.000000
9 0 5 10.000000 211.000000 1383.000000 747.000000 1572.000000 550.000000 537.000000
9 0 99 10.000000 0.000000 1594.000000 747.000000 1572.000000 550.000000 537.000000
10 0 1 10.000000 10.000000 1584.000000 747.000000 1572.000000 550.000000 537.000000
10 0 2 10.000000 110.000000 1584.000000 647.000000 1572.000000 550.000000 537.000000
10 0 3 10.000000 132.000000 1584.000000 647.000000 1550.000000 550.000000 537.000000
10 0 4 10.000000 182.000000 1584.000000 647.000000 1550.000000 500.000000 537.000000
10 0 5 10.000000 229.000000 1584.000000 647.000000 1550.000000 500.000000 490.000000
10 0 99 10.000000 0.000000 1584.000000 876.000000 1550.000000 500.000000 490.000000
