1 0 1 10.000000 0.000000 1000.000000 1000.000000 1000.000000 1000.000000 1000.000000 1000.000000 1000.000000 1000.000000 1000.000000 1000.000000
1 0 2 10.000000 58.000000 1000.000000 942.000000 1000.000000 1000.000000 1000.000000 1000.000000 1000.000000 1000.000000 1000.000000 1000.000000
1 0 3 10.000000 130.000000 1000.000000 942.000000 928.000000 1000.000000 1000.000000 1000.000000 1000.000000 1000.000000 1000.000000 1000.000000
1 0 4 10.000000 140.000000 1000.000000 942.000000 928.000000 990.000000 1000.000000 1000.000000 1000.000000 1000.000000 1000.000000 1000.000000
1 0 5 10.000000 240.000000 1000.000000 942.000000 928.000000 990.000000 900.000000 1000.000000 1000.000000 1000.000000 1000.000000 1000.000000
1 0 6 10.000000 340.000000 1000.000000 942.000000 928.000000 990.000000 900.000000 900.000000 1000.000000 1000.000000 1000.000000 1000.000000
1 0 7 10.000000 350.000000 1000.000000 942.000000 928.000000 990.000000 900.000000 900.000000 990.000000 1000.000000 1000.000000 1000.000000
1 0 8 10.000000 420.000000 1000.000000 942.000000 928.000000 990.000000 900.000000 900.000000 990.000000 930.000000 1000.000000 1000.000000
1 0 9 10.000000 504.000000 1000.000000 942.000000 928.000000 990.000000 900.000000 900.000000 990.000000 930.000000 916.000000 1000.000000
1 0 10 10.000000 514.000000 1000.000000 942.000000 928.000000 990.000000 900.000000 900.000000 990.000000 930.000000 916.000000 990.000000
1 0 99 10.000000 0.000000 1000.000000 942.000000 928.000000 990.000000 900.000000 900.000000 990.000000 930.000000 1430.000000 990.000000
2 0 1 10.000000 0.000000 1000.000000 942.000000 928.000000 990.000000 900.000000 900.000000 990.000000 930.000000 1430.000000 990.000000
2 0 2 10.000000 63.000000 1000.000000 879.000000 928.000000 990.000000 900.000000 900.000000 990.000000 930.000000 1430.000000 990.000000
2 0 3 10.000000 81.000000 1000.000000 879.000000 910.000000 990.000000 900.000000 900.000000 990.000000 930.000000 1430.000000 990.000000
2 0 4 10.000000 91.000000 1000.000000 879.000000 910.000000 980.000000 900.000000 900.000000 990.000000 930.000000 1430.000000 990.000000
2 0 5 10.000000 191.000000 1000.000000 879.000000 910.000000 980.000000 800.000000 900.000000 990.000000 930.000000 1430.000000 990.000000
2 0 6 10.000000 291.000000 1000.000000 879.000000 910.000000 980.000000 800.000000 800.000000 990.000000 930.000000 1430.000000 990.000000
2 0 7 10.000000 301.000000 1000.000000 879.000000 910.000000 980.000000 800.000000 800.000000 980.000000 930.000000 1430.000000 990.000000
2 0 8 10.000000 361.200000 1000.000000 879.000000 910.000000 980.000000 800.000000 800.000000 980.000000 869.800000 1430.000000 990.000000
2 0 9 10.000000 433.440000 1000.000000 879.000000 910.000000 980.000000 800.000000 800.000000 980.000000 869.800000 1357.760000 990.000000
2 0 10 10.000000 443.440000 1000.000000 879.000000 910.000000 980.000000 800.000000 800.000000 980.000000 869.800000 1357.760000 980.000000
2 0 99 10.000000 0.000000 1443.440000 879.000000 910.000000 980.000000 800.000000 800.000000 980.000000 869.800000 1357.760000 980.000000
3 0 1 10.000000 0.000000 1443.440000 879.000000 910.000000 980.000000 800.000000 800.000000 980.000000 869.800000 1357.760000 980.000000
3 0 2 10.000000 18.000000 1443.440000 861.000000 910.000000 980.000000 800.000000 800.000000 980.000000 869.800000 1357.760000 980.000000
3 0 3 10.000000 88.000000 1443.440000 861.000000 840.000000 980.000000 800.000000 800.000000 980.000000 869.800000 1357.760000 980.000000
3 0 4 10.000000 98.000000 1443.440000 861.000000 840.000000 970.000000 800.000000 800.000000 980.000000 869.800000 1357.760000 980.000000
3 0 5 10.000000 198.000000 1443.440000 861.000000 840.000000 970.000000 700.000000 800.000000 980.000000 869.800000 1357.760000 980.000000
3 0 6 10.000000 298.000000 1443.440000 861.000000 840.000000 970.000000 700.000000 700.000000 980.000000 869.800000 1357.760000 980.000000
3 0 7 10.000000 308.000000 1443.440000 861.000000 840.000000 970.000000 700.000000 700.000000 970.000000 869.800000 1357.760000 980.000000
3 0 8 10.000000 369.600000 1443.440000 861.000000 840.000000 970.000000 700.000000 700.000000 970.000000 808.200000 1357.760000 980.000000
3 0 9 10.000000 443.520000 1443.440000 861.000000 840.000000 970.000000 700.000000 700.000000 970.000000 808.200000 1283.840000 980.000000
3 0 10 10.000000 453.520000 1443.440000 861.000000 840.000000 970.000000 700.000000 700.000000 970.000000 808.200000 1283.840000 970.000000
3 0 99 10.000000 0.000000 1443.440000 861.000000 1293.520000 970.000000 700.000000 700.000000 970.000000 808.200000 1283.840000 970.000000
4 0 1 10.000000 0.000000 1443.440000 861.000000 1293.520000 970.000000 700.000000 700.000000 970.000000 808.200000 1283.840000 970.000000
4 0 2 10.000000 69.000000 1443.440000 792.000000 1293.520000 970.000000 700.000000 700.000000 970.000000 808.200000 1283.840000 970.000000
4 0 3 10.000000 105.000000 1443.440000 792.000000 1257.520000 970.000000 700.000000 700.000000 970.000000 808.200000 1283.840000 970.000000
4 0 4 10.000000 115.000000 1443.440000 792.000000 1257.520000 960.000000 700.000000 700.000000 970.000000 808.200000 1283.840000 970.000000
4 0 5 10.000000 215.000000 1443.440000 792.000000 1257.520000 960.000000 600.000000 700.000000 970.000000 808.200000 1283.840000 970.000000
4 0 6 10.000000 315.000000 1443.440000 792.000000 1257.520000 960.000000 600.000000 600.000000 970.000000 808.200000 1283.840000 970.000000
4 0 7 10.000000 325.000000 1443.440000 792.000000 1257.520000 960.000000 600.000000 600.000000 960.000000 808.200000 1283.840000 970.000000
4 0 8 10.000000 390.000000 1443.440000 792.000000 1257.520000 960.000000 600.000000 600.000000 960.000000 743.200000 1283.840000 970.000000
4 0 9 10.000000 468.000000 1443.440000 792.000000 1257.520000 960.000000 600.000000 600.000000 960.000000 743.200000 1205.840000 970.000000
4 0 10 10.000000 478.000000 1443.440000 792.000000 1257.520000 960.000000 600.000000 600.000000 960.000000 743.200000 1205.840000 960.000000
4 0 99 10.000000 0.000000 1921.440000 792.000000 1257.520000 960.000000 600.000000 600.000000 960.000000 743.200000 1205.840000 960.000000
5 0 1 10.000000 0.000000 1921.440000 792.000000 1257.520000 960.000000 600.000000 600.000000 960.000000 743.200000 1205.840000 960.000000
5 0 2 10.000000 21.000000 1921.440000 771.000000 1257.520000 960.000000 600.000000 600.000000 960.000000 743.200000 1205.840000 960.000000
5 0 3 10.000000 93.000000 1921.440000 771.000000 1185.520000 960.000000 600.000000 600.000000 960.000000 743.200000 1205.840000 960.000000
5 0 4 10.000000 103.000000 1921.440000 771.000000 1185.520000 950.000000 600.000000 600.000000 960.000000 743.200000 1205.840000 960.000000
5 0 5 10.000000 203.000000 1921.440000 771.000000 1185.520000 950.000000 500.000000 600.000000 960.000000 743.200000 1205.840000 960.000000
5 0 6 10.000000 303.000000 1921.440000 771.000000 1185.520000 950.000000 500.000000 500.000000 960.000000 743.200000 1205.840000 960.000000
5 0 7 10.000000 313.000000 1921.440000 771.000000 1185.520000 950.000000 500.000000 500.000000 950.000000 743.200000 1205.840000 960.000000
5 0 8 10.000000 375.600000 1921.440000 771.000000 1185.520000 950.000000 500.000000 500.000000 950.000000 680.600000 1205.840000 960.000000
5 0 9 10.000000 450.720000 1921.440000 771.000000 1185.520000 950.000000 500.000000 500.000000 950.000000 680.600000 1130.720000 960.000000
5 0 10 10.000000 460.720000 1921.440000 771.000000 1185.520000 950.000000 500.000000 500.000000 950.000000 680.600000 1130.720000 950.000000
5 0 99 10.000000 0.000000 1921.440000 771.000000 1185.520000 950.000000 500.000000 500.000000 1410.720000 680.600000 1130.720000 950.000000
6 0 1 10.000000 0.000000 1921.440000 771.000000 1185.520000 950.000000 500.000000 500.000000 1410.720000 680.600000 1130.720000 950.000000
6 0 2 10.000000 17.000000 1921.440000 754.000000 1185.520000 950.000000 500.000000 500.000000 1410.720000 680.600000 1130.720000 950.000000
6 0 3 10.000000 59.000000 1921.440000 754.000000 1143.520000 950.000000 500.000000 500.000000 1410.720000 680.600000 1130.720000 950.000000
6 0 4 10.000000 69.000000 1921.440000 754.000000 1143.520000 940.000000 500.000000 500.000000 1410.720000 680.600000 1130.720000 950.000000
6 0 5 10.000000 169.000000 1921.440000 754.000000 1143.520000 940.000000 400.000000 500.000000 1410.720000 680.600000 1130.720000 950.000000
6 0 6 10.000000 269.000000 1921.440000 754.000000 1143.520000 940.000000 400.000000 400.000000 1410.720000 680.600000 1130.720000 950.000000
6 0 7 10.000000 279.000000 1921.440000 754.000000 1143.520000 940.000000 400.000000 400.000000 1400.720000 680.600000 1130.720000 950.000000
6 0 8 10.000000 334.800000 1921.440000 754.000000 1143.520000 940.000000 400.000000 400.000000 1400.720000 624.800000 1130.720000 950.000000
6 0 9 10.000000 401.760000 1921.440000 754.000000 1143.520000 940.000000 400.000000 400.000000 1400.720000 624.800000 1063.760000 950.000000
6 0 10 10.000000 411.760000 1921.440000 754.000000 1143.520000 940.000000 400.000000 400.000000 1400.720000 624.800000 1063.760000 940.000000
6 0 99 10.000000 0.000000 1921.440000 754.000000 1143.520000 940.000000 400.000000 400.000000 1400.720000 624.800000 1063.760000 1351.760000
7 0 1 10.000000 0.000000 1921.440000 754.000000 1143.520000 940.000000 400.000000 400.000000 1400.720000 624.800000 1063.760000 1351.760000
7 0 2 10.000000 57.000000 1921.440000 697.000000 1143.520000 940.000000 400.000000 400.000000 1400.720000 624.800000 1063.760000 1351.760000
7 0 3 10.000000 70.000000 1921.440000 697.000000 1130.520000 940.000000 400.000000 400.000000 1400.720000 624.800000 1063.760000 1351.760000
7 0 4 10.000000 80.000000 1921.440000 697.000000 1130.520000 930.000000 400.000000 400.000000 1400.720000 624.800000 1063.760000 1351.760000
7 0 5 10.000000 180.000000 1921.440000 697.000000 1130.520000 930.000000 300.000000 400.000000 1400.720000 624.800000 1063.760000 1351.760000
7 0 6 10.000000 280.000000 1921.440000 697.000000 1130.520000 930.000000 300.000000 300.000000 1400.720000 624.800000 1063.760000 1351.760000
7 0 7 10.000000 290.000000 1921.440000 697.000000 1130.520000 930.000000 300.000000 300.000000 1390.720000 624.800000 1063.760000 1351.760000
7 0 8 10.000000 348.000000 1921.440000 697.000000 1130.520000 930.000000 300.000000 300.000000 1390.720000 566.800000 1063.760000 1351.760000
7 0 9 10.000000 417.600000 1921.440000 697.000000 1130.520000 930.000000 300.000000 300.000000 1390.720000 566.800000 994.160000 1351.760000
7 0 10 10.000000 427.600000 1921.440000 697.000000 1130.520000 930.000000 300.000000 300.000000 1390.720000 566.800000 994.160000 1341.760000
7 0 99 10.000000 0.000000 1921.440000 1124.600000 1130.520000 930.000000 300.000000 300.000000 1390.720000 566.800000 994.160000 1341.760000
8 0 1 10.000000 0.000000 1921.440000 1124.600000 1130.520000 930.000000 300.000000 300.000000 1390.720000 566.800000 994.160000 1341.760000
8 0 2 10.000000 42.000000 1921.440000 1082.600000 1130.520000 930.000000 300.000000 300.000000 1390.720000 566.800000 994.160000 1341.760000
8 0 3 10.000000 84.000000 1921.440000 1082.600000 1088.520000 930.000000 300.000000 300.000000 1390.720000 566.800000 994.160000 1341.760000
8 0 4 10.000000 94.000000 1921.440000 1082.600000 1088.520000 920.000000 300.000000 300.000000 1390.720000 566.800000 994.160000 1341.760000
8 0 5 10.000000 194.000000 1921.440000 1082.600000 1088.520000 920.000000 200.000000 300.000000 1390.720000 566.800000 994.160000 1341.760000
8 0 6 10.000000 294.000000 1921.440000 1082.600000 1088.520000 920.000000 200.000000 200.000000 1390.720000 566.800000 994.160000 1341.760000
8 0 7 10.000000 304.000000 1921.440000 1082.600000 1088.520000 920.000000 200.000000 200.000000 1380.720000 566.800000 994.160000 1341.760000
8 0 8 10.000000 364.800000 1921.440000 1082.600000 1088.520000 920.000000 200.000000 200.000000 1380.720000 506.000000 994.160000 1341.760000
8 0 9 10.000000 437.760000 1921.440000 1082.600000 1088.520000 920.000000 200.000000 200.000000 1380.720000 506.000000 921.200000 1341.760000
8 0 10 10.000000 447.760000 1921.440000 1082.600000 1088.520000 920.000000 200.000000 200.000000 1380.720000 506.000000 921.200000 1331.760000
8 0 99 10.000000 0.000000 1921.440000 1082.600000 1088.520000 920.000000 200.000000 200.000000 1380.720000 506.000000 921.200000 1779.520000
9 0 1 10.000000 0.000000 1921.440000 1082.600000 1088.520000 920.000000 200.000000 200.000000 1380.720000 506.000000 921.200000 1779.520000
9 0 2 10.000000 27.000000 1921.440000 1055.600000 1088.520000 920.000000 200.000000 200.000000 1380.720000 506.000000 921.200000 1779.520000
9 0 3 10.000000 101.000000 1921.440000 1055.600000 1014.520000 920.000000 200.000000 200.000000 1380.720000 506.000000 921.200000 1779.520000
9 0 4 10.000000 111.000000 1921.440000 1055.600000 1014.520000 910.000000 200.000000 200.000000 1380.720000 506.000000 921.200000 1779.520000
9 0 5 10.000000 211.000000 1921.440000 1055.600000 1014.520000 910.000000 100.000000 200.000000 1380.720000 506.000000 921.200000 1779.520000
9 0 6 10.000000 311.000000 1921.440000 1055.600000 1014.520000 910.000000 100.000000 100.000000 1380.720000 506.000000 921.200000 1779.520000
9 0 7 10.000000 321.000000 1921.440000 1055.600000 1014.520000 910.000000 100.000000 100.000000 1370.720000 506.000000 921.200000 1779.520000
9 0 8 10.000000 385.200000 1921.440000 1055.600000 1014.520000 910.000000 100.000000 100.000000 1370.720000 441.800000 921.200000 1779.520000
9 0 9 10.000000 462.240000 1921.440000 1055.600000 1014.520000 910.000000 100.000000 100.000000 1370.720000 441.800000 844.160000 1779.520000
9 0 10 10.000000 472.240000 1921.440000 1055.600000 1014.520000 910.000000 100.000000 100.000000 1370.720000 441.800000 844.160000 1769.520000
9 0 99 10.000000 0.000000 1921.440000 1055.600000 1014.520000 910.000000 100.000000 100.000000 1370.720000 914.040000 844.160000 1769.520000
10 0 1 10.000000 0.000000 1921.440000 1055.600000 1014.520000 910.000000 100.000000 100.000000 1370.720000 914.040000 844.160000 1769.520000
10 0 2 10.000000 79.000000 1921.440000 976.600000 1014.520000 910.000000 100.000000 100.000000 1370.720000 914.040000 844.160000 1769.520000
10 0 3 10.000000 107.000000 1921.440000 976.600000 986.520000 910.000000 100.000000 100.000000 1370.720000 914.040000 844.160000 1769.520000
10 0 4 10.000000 117.000000 1921.440000 976.600000 986.520000 900.000000 100.000000 100.000000 1370.720000 914.040000 844.160000 1769.520000
10 0 5 10.000000 217.000000 1921.440000 976.600000 986.520000 900.000000 0.000000 100.000000 1370.720000 914.040000 844.160000 1769.520000
10 0 6 10.000000 317.000000 1921.440000 976.600000 986.520000 900.000000 0.000000 0.000000 1370.720000 914.040000 844.160000 1769.520000
10 0 7 10.000000 327.000000 1921.440000 976.600000 986.520000 900.000000 0.000000 0.000000 1360.720000 914.040000 844.160000 1769.520000
10 0 8 10.000000 392.400000 1921.440000 976.600000 986.520000 900.000000 0.000000 0.000000 1360.720000 848.640000 844.160000 1769.520000
10 0 9 10.000000 470.880000 1921.440000 976.600000 986.520000 900.000000 0.000000 0.000000 1360.720000 848.640000 765.680000 1769.520000
10 0 10 10.000000 480.880000 1921.440000 976.600000 986.520000 900.000000 0.000000 0.000000 1360.720000 848.640000 765.680000 1759.520000
10 0 99 10.000000 0.000000 2402.320000 976.600000 986.520000 900.000000 0.000000 0.000000 1360.720000 848.640000 765.680000 1759.520000
