1 0 1 10.000000 0.000000 1000.000000 1000.000000 1000.000000 1000.000000 1000.000000
1 0 2 10.000000 50.000000 1000.000000 950.000000 1000.000000 1000.000000 1000.000000
1 0 3 10.000000 104.000000 1000.000000 950.000000 946.000000 1000.000000 1000.000000
1 0 4 10.000000 204.000000 1000.000000 950.000000 946.000000 900.000000 1000.000000
1 0 5 10.000000 214.000000 1000.000000 950.000000 946.000000 900.000000 990.000000
1 0 99 10.000000 0.000000 1214.000000 950.000000 946.000000 900.000000 990.000000
2 0 1 10.000000 0.000000 1214.000000 950.000000 946.000000 900.000000 990.000000
2 0 2 10.000000 50.000000 1214.000000 900.000000 946.000000 900.000000 990.000000
2 0 3 10.000000 79.000000 1214.000000 900.000000 917.000000 900.000000 990.000000
2 0 4 10.000000 179.000000 1214.000000 900.000000 917.000000 800.000000 990.000000
2 0 5 10.000000 189.000000 1214.000000 900.000000 917.000000 800.000000 980.000000
2 0 99 10.000000 0.000000 1214.000000 900.000000 917.000000 800.000000 1169.000000
3 0 1 10.000000 0.000000 1214.000000 900.000000 917.000000 800.000000 1169.000000
3 0 2 10.000000 50.000000 1214.000000 850.000000 917.000000 800.000000 1169.000000
3 0 3 10.000000 72.000000 1214.000000 850.000000 895.000000 800.000000 1169.000000
3 0 4 10.000000 172.000000 1214.000000 850.000000 895.000000 700.000000 1169.000000
3 0 5 10.000000 182.000000 1214.000000 850.000000 895.000000 700.000000 1159.000000
3 0 99 10.000000 0.000000 1214.000000 850.000000 1077.000000 700.000000 1159.000000
4 0 1 10.000000 0.000000 1214.000000 850.000000 1077.000000 700.000000 1159.000000
4 0 2 10.000000 50.000000 1214.000000 800.000000 1077.000000 700.000000 1159.000000
4 0 3 10.000000 123.000000 1214.000000 800.000000 1004.000000 700.000000 1159.000000
4 0 4 10.000000 223.000000 1214.000000 800.000000 1004.000000 600.000000 1159.000000
4 0 5 10.000000 233.000000 1214.000000 800.000000 1004.000000 600.000000 1149.000000
4 0 99 10.000000 0.000000 1214.000000 800.000000 1237.000000 600.000000 1149.000000
5 0 1 10.000000 0.000000 1214.000000 800.000000 1237.000000 600.000000 1149.000000
5 0 2 10.000000 50.000000 1214.000000 750.000000 1237.000000 600.000000 1149.000000
5 0 3 10.000000 92.000000 1214.000000 750.000000 1195.000000 600.000000 1149.000000
5 0 4 10.000000 192.000000 1214.000000 750.000000 1195.000000 500.000000 1149.000000
5 0 5 10.000000 202.000000 1214.000000 750.000000 1195.000000 500.000000 1139.000000
5 0 99 10.000000 0.000000 1416.000000 750.000000 1195.000000 500.000000 1139.000000
6 0 1 10.000000 0.000000 1416.000000 750.000000 1195.000000 500.000000 1139.000000
6 0 2 10.000000 50.000000 1416.000000 700.000000 1195.000000 500.000000 1139.000000
6 0 3 10.000000 68.000000 1416.000000 700.000000 1177.000000 500.000000 1139.000000
6 0 4 10.000000 168.000000 1416.000000 700.000000 1177.000000 400.000000 1139.000000
6 0 5 10.000000 178.000000 1416.000000 700.000000 1177.000000 400.000000 1129.000000
6 0 99 10.000000 0.000000 1416.000000 700.000000 1177.000000 578.000000 1129.000000
7 0 1 10.000000 0.000000 1416.000000 700.000000 1177.000000 578.000000 1129.000000
7 0 2 10.000000 50.000000 1416.000000 650.000000 1177.000000 578.000000 1129.000000
7 0 3 10.000000 109.000000 1416.000000 650.000000 1118.000000 578.000000 1129.000000
7 0 4 10.000000 209.000000 1416.000000 650.000000 1118.000000 478.000000 1129.000000
7 0 5 10.000000 219.000000 1416.000000 650.000000 1118.000000 478.000000 1119.000000
7 0 99 10.000000 0.000000 1416.000000 650.000000 1118.000000 697.000000 1119.000000
8 0 1 10.000000 0.000000 1416.000000 650.000000 1118.000000 697.000000 1119.000000
8 0 2 10.000000 50.000000 1416.000000 600.000000 1118.000000 697.000000 1119.000000
8 0 3 10.000000 93.000000 1416.000000 600.000000 1075.000000 697.000000 1119.000000
8 0 4 10.000000 193.000000 1416.000000 600.000000 1075.000000 597.000000 1119.000000
8 0 5 10.000000 203.000000 1416.000000 600.000000 1075.000000 597.000000 1109.000000
8 0 99 10.000000 0.000000 1416.000000 803.000000 1075.000000 597.000000 1109.000000
9 0 1 10.000000 0.000000 1416.000000 803.000000 1075.000000 597.000000 1109.000000
9 0 2 10.000000 50.000000 1416.000000 753.000000 1075.000000 597.000000 1109.000000
9 0 3 10.000000 121.000000 1416.000000 753.000000 1004.000000 597.000000 1109.000000
9 0 4 10.000000 221.000000 1416.000000 753.000000 1004.000000 497.000000 1109.000000
9 0 5 10.000000 231.000000 1416.000000 753.000000 1004.000000 497.000000 1099.000000
9 0 99 10.000000 0.000000 1416.000000 753.000000 1004.000000 728.000000 1099.000000
10 0 1 10.000000 0.000000 1416.000000 753.000000 1004.000000 728.000000 1099.000000
10 0 2 10.000000 50.000000 1416.000000 703.000000 1004.000000 728.000000 1099.000000
10 0 3 10.000000 114.000000 1416.000000 703.000000 940.000000 728.000000 1099.000000
10 0 4 10.000000 214.000000 1416.000000 703.000000 940.000000 628.000000 1099.000000
10 0 5 10.000000 224.000000 1416.000000 703.000000 940.000000 628.000000 1089.000000
10 0 99 10.000000 0.000000 1416.000000 703.000000 940.000000 852.000000 1089.000000
